Canal R

57  123  106  94  81  66  62  59  59  74  96  74  65  49  45  60  75  90  77  81  , 
53  123  96  97  88  62  66  78  78  82  87  98  88  52  50  68  74  86  83  87  , 
57  127  99  101  86  60  89  81  52  49  43  46  69  76  62  66  73  82  90  85  , 
55  124  107  98  79  89  79  55  55  48  47  48  38  59  73  63  81  91  89  84  , 
31  112  113  96  79  89  66  54  50  44  48  50  54  46  54  70  79  94  88  82  , 
47  121  109  94  95  92  61  65  76  79  73  67  68  63  66  69  74  94  93  79  , 
69  126  98  90  81  65  128  149  107  62  76  85  46  57  76  51  77  98  93  75  , 
59  114  96  77  30  140  210  128  98  131  77  68  114  99  74  64  73  89  84  79  , 
58  120  99  67  75  194  129  104  117  147  80  62  134  100  59  66  72  90  84  83  , 
72  130  104  78  89  112  118  125  114  100  96  70  60  58  61  69  79  93  89  85  , 
65  130  106  78  67  106  122  106  111  128  95  77  84  74  58  72  88  101  85  77  , 
65  130  99  80  77  107  115  108  121  83  113  146  109  72  62  72  83  102  88  80  , 
59  128  103  91  76  97  123  126  124  20  0  25  58  69  69  82  92  95  88  86  , 
62  124  102  92  86  78  107  145  136  98  55  51  78  67  69  82  95  97  88  80  , 
61  124  109  93  93  41  94  161  129  130  125  123  86  62  66  77  96  95  89  80  , 
68  134  94  82  90  43  102  179  147  141  109  83  69  57  67  84  97  94  88  77  , 
63  133  100  94  88  70  64  191  165  137  127  98  67  53  69  90  92  94  94  83  , 
66  132  112  98  85  102  40  106  177  116  97  81  84  52  75  88  94  95  94  91  , 
75  134  108  101  83  118  91  0  122  188  118  168  82  60  72  82  89  94  92  81  , 
63  132  111  101  91  109  131  48  34  178  249  153  53  74  72  82  95  92  89  86  





57  180  286  380  461  527  589  648  707  781  877  951  1016  1065  1110  1170  1245  1335  1412  1493  , 
110  356  558  749  918  1046  1174  1311  1448  1604  1787  1959  2112  2213  2308  2436  2585  2761  2921  3089  , 
167  540  841  1133  1388  1576  1793  2011  2200  2405  2631  2849  3071  3248  3405  3599  3821  4079  4329  4582  , 
222  719  1127  1517  1851  2128  2424  2697  2941  3194  3467  3733  3993  4229  4459  4716  5019  5368  5707  6044  , 
253  862  1383  1869  2282  2648  3010  3337  3631  3928  4249  4565  4879  5161  5445  5772  6154  6597  7024  7443  , 
300  1030  1660  2240  2748  3206  3629  4021  4391  4767  5161  5544  5926  6271  6621  7017  7473  8010  8530  9028  , 
369  1225  1953  2623  3212  3735  4286  4827  5304  5742  6212  6680  7108  7510  7936  8383  8916  9551  10164  10737  , 
428  1398  2222  2969  3588  4251  5012  5681  6256  6825  7372  7908  8450  8951  9451  9962  10568  11292  11989  12641  , 
486  1576  2499  3313  4007  4864  5754  6527  7219  7935  8562  9160  9836  10437  10996  11573  12251  13065  13846  14581  , 
558  1778  2805  3697  4480  5449  6457  7355  8161  8977  9700  10368  11104  11763  12383  13029  13786  14693  15563  16383  , 
623  1973  3106  4076  4926  6001  7131  8135  9052  9996  10814  11559  12379  13112  13790  14508  15353  16361  17316  18213  , 
688  2168  3400  4450  5377  6559  7804  8916  9954  10981  11912  12803  13732  14537  15277  16067  16995  18105  19148  20125  , 
747  2355  3690  4831  5834  7113  8481  9719  10881  11928  12859  13775  14762  15636  16445  17317  18337  19542  20673  21736  , 
809  2541  3978  5211  6300  7657  9132  10515  11813  12958  13944  14911  15976  16917  17795  18749  19864  21166  22385  23528  , 
870  2726  4272  5598  6780  8178  9747  11291  12718  13993  15104  16194  17345  18348  19292  20323  21534  22931  24239  25462  , 
938  2928  4568  5976  7248  8689  10360  12083  13657  15073  16293  17466  18686  19746  20757  21872  23180  24671  26067  27367  , 
1001  3124  4864  6366  7726  9237  10972  12886  14625  16178  17525  18796  20083  21196  22276  23481  24881  26466  27956  29339  , 
1067  3322  5174  6774  8219  9832  11607  13627  15543  17212  18656  20008  21379  22544  23699  24992  26486  28166  29750  31224  , 
1142  3531  5491  7192  8720  10451  12317  14337  16375  18232  19794  21314  22767  23992  25219  26594  28177  29951  31627  33182  , 
1205  3726  5797  7599  9218  11058  13055  15123  17195  19230  21041  22714  24220  25519  26818  28275  29953  31819  33584  35225  , 


